[gd_scene load_steps=17 format=3 uid="uid://q5w6ovnnrknu"]

[ext_resource type="PackedScene" uid="uid://t7gjbrn433l" path="res://Models/Mobs/doll.glb" id="1_a3wg7"]
[ext_resource type="Material" uid="uid://eat2f47lqaw8" path="res://Models/Materials/Blue.tres" id="2_70mu4"]

[sub_resource type="BoxShape3D" id="BoxShape3D_c2ahu"]
size = Vector3(0.255, 0.8, 0.34)

[sub_resource type="CapsuleShape3D" id="CapsuleShape3D_75sq1"]
radius = 0.06
height = 0.35

[sub_resource type="CapsuleShape3D" id="CapsuleShape3D_fmwi2"]
radius = 0.06
height = 0.3

[sub_resource type="CapsuleShape3D" id="CapsuleShape3D_og6kx"]
radius = 0.045
height = 0.16

[sub_resource type="CapsuleShape3D" id="CapsuleShape3D_ucfi4"]
radius = 0.06
height = 0.35

[sub_resource type="CapsuleShape3D" id="CapsuleShape3D_mdp0a"]
radius = 0.06
height = 0.3

[sub_resource type="CapsuleShape3D" id="CapsuleShape3D_p7gvi"]
radius = 0.045
height = 0.16

[sub_resource type="BoxShape3D" id="BoxShape3D_5ay47"]
size = Vector3(0.237213, 0.251251, 0.200989)

[sub_resource type="CapsuleShape3D" id="CapsuleShape3D_bhye4"]
radius = 0.08
height = 0.366538

[sub_resource type="CapsuleShape3D" id="CapsuleShape3D_5jgqk"]
radius = 0.07
height = 0.452621

[sub_resource type="CapsuleShape3D" id="CapsuleShape3D_hp1ta"]
radius = 0.07
height = 0.4

[sub_resource type="CapsuleShape3D" id="CapsuleShape3D_0x1wm"]
radius = 0.08
height = 0.366538

[sub_resource type="CapsuleShape3D" id="CapsuleShape3D_o71mr"]
radius = 0.07
height = 0.452621

[sub_resource type="CapsuleShape3D" id="CapsuleShape3D_bd385"]
radius = 0.07
height = 0.4

[node name="doll" instance=ExtResource("1_a3wg7")]

[node name="Armature" parent="." index="0"]
transform = Transform3D(-4.37114e-08, 0, -1, 0, 1, 0, 1, 0, -4.37114e-08, 0, 0, 0)

[node name="hands" parent="Armature/Skeleton3D" index="0"]
transform = Transform3D(0.29501, 4.32967e-09, 1.04737e-08, -9.64292e-09, 1, -2.98023e-08, -4.41787e-09, 7.45058e-08, 1, -0.018547, 1.63641, -0.850441)

[node name="hands" parent="Armature/Skeleton3D/hands" index="0"]
material_override = ExtResource("2_70mu4")

[node name="forearms" parent="Armature/Skeleton3D" index="1"]
transform = Transform3D(1, 3.83651e-09, 1.67887e-08, -3.07727e-08, 1, -2.5332e-07, -1.50169e-08, 2.23517e-07, 1.39053, -0.0185471, 1.61813, -0.636404)

[node name="forearms" parent="Armature/Skeleton3D/forearms" index="0"]
material_override = ExtResource("2_70mu4")

[node name="bicepts_001" parent="Armature/Skeleton3D" index="2"]
transform = Transform3D(1, 3.55067e-09, 2.15514e-08, -2.99187e-08, 1, -3.27826e-07, -1.73459e-08, 2.75671e-07, 1.39053, -0.0165004, 1.6122, -0.336373)

[node name="bicepts_001" parent="Armature/Skeleton3D/bicepts_001" index="0"]
material_override = ExtResource("2_70mu4")

[node name="hands_001" parent="Armature/Skeleton3D" index="3"]
transform = Transform3D(0.29501, -3.56067e-09, -2.88132e-08, -1.84212e-08, 1, -4.47035e-08, 2.10311e-09, -1.41561e-07, 1, -0.0185471, 1.63641, 0.850442)

[node name="hands_001" parent="Armature/Skeleton3D/hands_001" index="0"]
material_override = ExtResource("2_70mu4")

[node name="forearms_001" parent="Armature/Skeleton3D" index="4"]
transform = Transform3D(1, -1.28147e-08, -3.286e-08, -5.23637e-08, 1, 2.98023e-08, -1.23299e-09, -1.19209e-07, 1.39053, -0.0185471, 1.61813, 0.636405)

[node name="forearms_001" parent="Armature/Skeleton3D/forearms_001" index="0"]
material_override = ExtResource("2_70mu4")

[node name="bicepts" parent="Armature/Skeleton3D" index="5"]
transform = Transform3D(1, -2.79397e-09, -4.93928e-08, -6.18747e-08, 1, -3.72529e-08, 9.3587e-09, -8.56817e-08, 1.39053, -0.0165004, 1.6122, 0.336373)

[node name="bicepts" parent="Armature/Skeleton3D/bicepts" index="0"]
material_override = ExtResource("2_70mu4")

[node name="head_2" parent="Armature/Skeleton3D" index="6"]
transform = Transform3D(1, -7.45058e-09, 9.07034e-11, -3.72529e-08, 1, 1.16415e-10, -9.3368e-11, 3.49244e-10, 1, -5.57111e-09, 1.875, 3.83566e-10)

[node name="head_2" parent="Armature/Skeleton3D/head_2" index="0"]
material_override = ExtResource("2_70mu4")

[node name="neck_2" parent="Armature/Skeleton3D" index="7"]
transform = Transform3D(1, 1.49012e-08, 7.59766e-11, -5.96046e-08, 1, 1.20211e-10, -7.86393e-11, 3.45446e-10, 1, -0.0156563, 1.71582, 3.10431e-10)

[node name="neck_2" parent="Armature/Skeleton3D/neck_2" index="0"]
material_override = ExtResource("2_70mu4")

[node name="feet" parent="Armature/Skeleton3D" index="8"]
transform = Transform3D(0.999999, -1.49009e-08, -3.46968e-07, 2.53318e-07, 1, -2.81793e-06, 3.32227e-07, 2.4861e-06, 1, 0.0845562, 0.0453132, 0.154583)

[node name="feet" parent="Armature/Skeleton3D/feet" index="0"]
material_override = ExtResource("2_70mu4")

[node name="calves" parent="Armature/Skeleton3D" index="9"]
transform = Transform3D(1, -5.35619e-07, 4.2545e-07, 5.96016e-07, 1, 1.07288e-06, -3.12791e-07, -1.11759e-06, 1.39053, -0.0280941, 0.354771, 0.134561)

[node name="calves" parent="Armature/Skeleton3D/calves" index="0"]
material_override = ExtResource("2_70mu4")

[node name="thighs" parent="Armature/Skeleton3D" index="10"]
transform = Transform3D(1, -8.475e-07, 8.98452e-07, 8.92176e-07, 1, -1.43796e-06, -6.51896e-07, 6.78003e-07, 1.39053, -0.00115118, 0.731809, 0.101277)

[node name="thighs" parent="Armature/Skeleton3D/thighs" index="0"]
material_override = ExtResource("2_70mu4")

[node name="feet_001" parent="Armature/Skeleton3D" index="11"]
transform = Transform3D(1, -2.68222e-07, -6.74033e-07, 3.27826e-07, 1, -1.43676e-06, 7.33183e-07, 1.50042e-06, 1, 0.0845562, 0.0453128, -0.154583)

[node name="feet_001" parent="Armature/Skeleton3D/feet_001" index="0"]
material_override = ExtResource("2_70mu4")

[node name="calves_001" parent="Armature/Skeleton3D" index="12"]
transform = Transform3D(1, -7.49071e-07, 1.48494e-07, 9.17104e-07, 1, -1.43051e-06, -4.88141e-08, 1.09524e-06, 1.39053, -0.0280941, 0.354771, -0.134561)

[node name="calves_001" parent="Armature/Skeleton3D/calves_001" index="0"]
material_override = ExtResource("2_70mu4")

[node name="thighs_001" parent="Armature/Skeleton3D" index="13"]
transform = Transform3D(1, -1.20818e-06, 1.00297e-07, 1.37387e-06, 1, -1.8999e-06, -1.40379e-08, 1.45286e-06, 1.39053, -0.00115118, 0.731809, -0.101277)

[node name="thighs_001" parent="Armature/Skeleton3D/thighs_001" index="0"]
material_override = ExtResource("2_70mu4")

[node name="torso" parent="Armature/Skeleton3D" index="14"]
material_override = ExtResource("2_70mu4")

[node name="Physical Bone spine2" type="PhysicalBone3D" parent="Armature/Skeleton3D" index="15"]
transform = Transform3D(1, 1.20679e-10, -1.10716e-09, 1.10695e-09, -6.42421e-20, -1, -1.23407e-10, 1, -4.65661e-10, 3.94543e-10, 1.35635, 1.42049e-10)
collision_layer = 8
collision_mask = 8
joint_type = 1
joint_offset = Transform3D(1, 0, 0, 0, 1, 0, 0, 0, 1, 1.11022e-16, -5.47088e-17, 0.110646)
body_offset = Transform3D(1, 0, 0, 0, -7.04725e-20, -1, 0, 1, -7.25235e-18, -1.11022e-16, 0.110646, 5.55112e-17)
bone_name = "spine2"
joint_constraints/bias = 0.3
joint_constraints/damping = 1.0
joint_constraints/impulse_clamp = 0.0

[node name="CollisionShape3D" type="CollisionShape3D" parent="Armature/Skeleton3D/Physical Bone spine2" index="0"]
transform = Transform3D(1, 0, 0, 0, 0, 1, 0, -1, 0, 0, 0, 0)
shape = SubResource("BoxShape3D_c2ahu")

[node name="Physical Bone bicepL" type="PhysicalBone3D" parent="Armature/Skeleton3D" index="16"]
transform = Transform3D(0.999905, -0.000596943, 0.0137871, -8.03534e-05, 0.998879, 0.0489886, -0.0137977, -0.0489885, 0.998734, -0.0176927, 1.60784, -0.352731)
collision_layer = 8
collision_mask = 8
joint_type = 1
joint_offset = Transform3D(1, 0, 0, 0, 1, 0, 0, 0, 1, 1.15083e-06, 8.56776e-09, 0.152924)
body_offset = Transform3D(1, -1.25944e-06, 5.43892e-07, -1.07847e-06, 2.35049e-07, -1.00003, 6.56582e-08, 1.00008, -8.3556e-07, -1.234e-06, 0.152929, 1.19209e-07)
bone_name = "bicepL"
joint_constraints/bias = 0.3
joint_constraints/damping = 1.0
joint_constraints/impulse_clamp = 0.0

[node name="CollisionShape3D" type="CollisionShape3D" parent="Armature/Skeleton3D/Physical Bone bicepL" index="0"]
transform = Transform3D(1, 0, 0, 0, 0, 1, 0, -1, 0, 0, 0, 0)
shape = SubResource("CapsuleShape3D_75sq1")

[node name="Physical Bone forearmL" type="PhysicalBone3D" parent="Armature/Skeleton3D" index="17"]
transform = Transform3D(1, -2.77044e-08, -1.5347e-08, -1.26332e-09, 0.992448, -0.122662, 1.56957e-08, 0.122662, 0.992448, -0.0197604, 1.61862, -0.653265)
collision_layer = 8
collision_mask = 8
joint_type = 1
joint_offset = Transform3D(1, 0, 0, 0, 1, 0, 0, 0, 1, -3.93034e-05, 2.68378e-07, 0.148928)
body_offset = Transform3D(1, 6.06128e-11, -1.40955e-08, -1.40977e-08, -1.93715e-07, -1, 2.72671e-13, 1, -2.01166e-07, 3.93055e-05, 0.148928, -2.38419e-07)
bone_name = "forearmL"
joint_constraints/bias = 0.3
joint_constraints/damping = 1.0
joint_constraints/impulse_clamp = 0.0

[node name="CollisionShape3D" type="CollisionShape3D" parent="Armature/Skeleton3D/Physical Bone forearmL" index="0"]
transform = Transform3D(1, 0, 0, 0, 0, 1, 0, -1, 0, 0, 0, 0)
shape = SubResource("CapsuleShape3D_fmwi2")

[node name="Physical Bone handL" type="PhysicalBone3D" parent="Armature/Skeleton3D" index="18"]
transform = Transform3D(-0.9966, -0.0757147, -0.0253746, 0.0754892, -0.997086, 0.00975909, -0.0260269, 0.00780271, 0.999886, -0.0191718, 1.63665, -0.825755)
collision_layer = 8
collision_mask = 8
joint_type = 1
joint_offset = Transform3D(1, 0, 0, 0, 1, 0, 0, 0, 1, 1.41072e-06, 2.44821e-07, 0.0246885)
body_offset = Transform3D(-0.996855, -0.0765522, -0.00277724, 3.76813e-06, 0.0361828, -0.999601, 0.0766027, -0.996396, -0.0360782, 6.99908e-05, 0.0246786, 0.000890851)
bone_name = "handL"
joint_constraints/bias = 0.3
joint_constraints/damping = 1.0
joint_constraints/impulse_clamp = 0.0

[node name="CollisionShape3D" type="CollisionShape3D" parent="Armature/Skeleton3D/Physical Bone handL" index="0"]
transform = Transform3D(1, 0, 0, 0, 0, 1, 0, -1, 0, 0, 0, 0)
shape = SubResource("CapsuleShape3D_og6kx")

[node name="Physical Bone bicepR" type="PhysicalBone3D" parent="Armature/Skeleton3D" index="19"]
transform = Transform3D(0.999905, 0.000592609, 0.0137632, -7.31648e-05, -0.998829, 0.0490325, 0.0137992, -0.0489859, -0.999654, -0.0176933, 1.60781, 0.352742)
collision_layer = 8
collision_mask = 8
joint_type = 1
joint_offset = Transform3D(1, 0, 0, 0, 1, 0, 0, 0, 1, 7.20062e-06, -3.62131e-05, 0.152797)
body_offset = Transform3D(1, -1.03991e-05, -3.60347e-05, 6.51926e-09, 6.6716e-08, -1.00095, -1.74623e-10, 1.00003, 2.17388e-06, -1.69501e-06, 0.152942, 3.5882e-05)
bone_name = "bicepR"
joint_constraints/bias = 0.3
joint_constraints/damping = 1.0
joint_constraints/impulse_clamp = 0.0

[node name="CollisionShape3D" type="CollisionShape3D" parent="Armature/Skeleton3D/Physical Bone bicepR" index="0"]
transform = Transform3D(1, 0, 0, 0, 0, 1, 0, -1, 0, 0, 0, 0)
shape = SubResource("CapsuleShape3D_ucfi4")

[node name="Physical Bone forearmR" type="PhysicalBone3D" parent="Armature/Skeleton3D" index="20"]
transform = Transform3D(1, -1.08254e-06, 4.73658e-08, -1.13393e-06, -0.992449, -0.122662, 1.55266e-07, 0.122662, -0.992449, -0.0198385, 1.61862, 0.653266)
collision_layer = 8
collision_mask = 8
joint_type = 1
joint_offset = Transform3D(1, 0, 0, 0, 1, 0, 0, 0, 1, 3.87554e-05, 2.21922e-08, 0.148929)
body_offset = Transform3D(1, 2.34195e-10, 4.99774e-09, 5.30682e-09, -3.72528e-08, -1, -3.52429e-12, 1, -1.49012e-07, -3.87561e-05, 0.148929, 0)
bone_name = "forearmR"
joint_constraints/bias = 0.3
joint_constraints/damping = 1.0
joint_constraints/impulse_clamp = 0.0

[node name="CollisionShape3D" type="CollisionShape3D" parent="Armature/Skeleton3D/Physical Bone forearmR" index="0"]
transform = Transform3D(1, 0, 0, 0, 0, 1, 0, -1, 0, 0, 0, 0)
shape = SubResource("CapsuleShape3D_mdp0a")

[node name="Physical Bone handR" type="PhysicalBone3D" parent="Armature/Skeleton3D" index="21"]
transform = Transform3D(0.996831, -0.0757265, -0.0253619, -0.0755018, -0.997098, 0.00974781, -0.0260284, -0.00780805, -0.999989, -0.0191734, 1.63666, 0.825758)
collision_layer = 8
collision_mask = 8
joint_type = 1
joint_offset = Transform3D(1, 0, 0, 0, 1, 0, 0, 0, 1, 5.89847e-07, 1.14286e-05, 0.0246881)
body_offset = Transform3D(0.997086, -0.0765671, -0.00276241, 5.79283e-07, 0.0361778, -0.999703, 0.0766185, 0.996408, 0.0360943, 6.84857e-05, 0.0246804, -0.000902534)
bone_name = "handR"
joint_constraints/bias = 0.3
joint_constraints/damping = 1.0
joint_constraints/impulse_clamp = 0.0

[node name="CollisionShape3D" type="CollisionShape3D" parent="Armature/Skeleton3D/Physical Bone handR" index="0"]
transform = Transform3D(1, 0, 0, 0, 0, 1, 0, -1, 0, 0, 0, 0)
shape = SubResource("CapsuleShape3D_p7gvi")

[node name="Physical Bone head" type="PhysicalBone3D" parent="Armature/Skeleton3D" index="22"]
transform = Transform3D(1, 1.20711e-10, -1.35236e-10, -4.48387e-08, -1.95978e-15, -1, -1.99044e-10, 1, -4.65661e-10, -5.57952e-09, 1.81278, 3.53378e-10)
collision_layer = 8
collision_mask = 8
joint_type = 1
joint_offset = Transform3D(1, 0, 0, 0, 1, 0, 0, 0, 1, 1.77636e-15, 1.21514e-12, 0.0622176)
body_offset = Transform3D(1, 0, -1.50364e-08, -1.50364e-08, -4.62432e-15, -1, -7.56692e-11, 1, -4.51826e-15, 9.35527e-10, 0.0622176, -1.21486e-12)
bone_name = "head"
joint_constraints/bias = 0.3
joint_constraints/damping = 1.0
joint_constraints/impulse_clamp = 0.0

[node name="CollisionShape3D" type="CollisionShape3D" parent="Armature/Skeleton3D/Physical Bone head" index="0"]
transform = Transform3D(1, -7.35523e-15, 0, 0, 1.66812e-20, 1, -1.88294e-12, -1, -4.54949e-23, -0.00010681, 3.0517e-05, -0.0633987)
shape = SubResource("BoxShape3D_5ay47")

[node name="Physical Bone thighR" type="PhysicalBone3D" parent="Armature/Skeleton3D" index="23"]
transform = Transform3D(0.998654, 2.93605e-05, 0.0518559, -0.0517754, -0.0561932, 0.997077, 0.00291429, -0.99842, -0.0561184, -0.00950481, 0.711394, 0.106452)
collision_layer = 8
collision_mask = 8
joint_type = 1
joint_offset = Transform3D(1, 0, 0, 0, 1, 0, 0, 0, 1, 1.18841e-06, 1.63767e-06, 0.18327)
body_offset = Transform3D(1, 2.90722e-05, -1.46404e-06, -1.11759e-08, -1.84146e-06, -1, 9.97318e-11, 1, 1.70564e-07, -9.20147e-07, 0.18327, -1.66893e-06)
bone_name = "thighR"
joint_constraints/bias = 0.3
joint_constraints/damping = 1.0
joint_constraints/impulse_clamp = 0.0

[node name="CollisionShape3D" type="CollisionShape3D" parent="Armature/Skeleton3D/Physical Bone thighR" index="0"]
transform = Transform3D(1, 0, 0, 0, 0, 1, 0, -1, 0, 0, 0, 0)
shape = SubResource("CapsuleShape3D_bhye4")

[node name="Physical Bone calfR" type="PhysicalBone3D" parent="Armature/Skeleton3D" index="24"]
transform = Transform3D(0.998682, 2.55167e-05, 0.051327, -0.0511144, -0.0909911, 0.994539, 0.00467054, -0.995862, -0.090872, -0.0306231, 0.303588, 0.1373)
collision_layer = 8
collision_mask = 8
joint_type = 1
joint_offset = Transform3D(1, 0, 0, 0, 1, 0, 0, 0, 1, -3.31538e-07, -5.30277e-07, 0.226309)
body_offset = Transform3D(1, 2.53403e-05, 0, 3.39001e-07, -1.87072e-06, -1, -1.03116e-07, 1.00001, 8.94602e-07, 3.31551e-07, 0.226309, 3.27826e-07)
bone_name = "calfR"
joint_constraints/bias = 0.3
joint_constraints/damping = 1.0
joint_constraints/impulse_clamp = 0.0

[node name="CollisionShape3D" type="CollisionShape3D" parent="Armature/Skeleton3D/Physical Bone calfR" index="0"]
transform = Transform3D(1, 0, 0, 0, 0, 1, 0, -1, 0, 0, 0, 0)
shape = SubResource("CapsuleShape3D_5jgqk")

[node name="Physical Bone footR" type="PhysicalBone3D" parent="Armature/Skeleton3D" index="25"]
transform = Transform3D(-0.116395, 0.228083, -0.96814, -0.527714, 0.819239, 0.253513, 0.84141, 0.539819, 0.025143, 0.0211602, 0.0619111, 0.15655)
collision_layer = 8
collision_mask = 8
joint_type = 1
joint_offset = Transform3D(1, 0, 0, 0, 1, 0, 0, 0, 1, -0.000279753, -0.000177495, 0.0654778)
body_offset = Transform3D(0.540396, -0.849138, -0.0390421, -3.65078e-06, 0.0462793, -1.00002, 0.841411, 0.539817, 0.025142, 0.00255685, 0.0654873, -0.00131504)
bone_name = "footR"
joint_constraints/bias = 0.3
joint_constraints/damping = 1.0
joint_constraints/impulse_clamp = 0.0

[node name="CollisionShape3D" type="CollisionShape3D" parent="Armature/Skeleton3D/Physical Bone footR" index="0"]
transform = Transform3D(1, 0, 0, 0, -4.37114e-08, 1, 0, -1, -4.37114e-08, 0, 0, 0)
shape = SubResource("CapsuleShape3D_hp1ta")

[node name="Physical Bone thighL" type="PhysicalBone3D" parent="Armature/Skeleton3D" index="26"]
transform = Transform3D(0.998648, -1.08426e-06, 0.0518572, -0.051776, 0.0561936, 0.997077, -0.00291391, -0.99842, 0.0561193, -0.00950385, 0.711395, -0.10645)
collision_layer = 8
collision_mask = 8
joint_type = 1
joint_offset = Transform3D(1, 0, 0, 0, 1, 0, 0, 0, 1, 4.1276e-08, 2.30755e-07, 0.183269)
body_offset = Transform3D(0.999994, -1.18921e-06, -2.04891e-07, 1.01328e-06, 1.58286e-07, -1, -2.49554e-08, 1, -1.1778e-06, -3.72529e-09, 0.183269, -1.49012e-08)
bone_name = "thighL"
joint_constraints/bias = 0.3
joint_constraints/damping = 1.0
joint_constraints/impulse_clamp = 0.0

[node name="CollisionShape3D" type="CollisionShape3D" parent="Armature/Skeleton3D/Physical Bone thighL" index="0"]
transform = Transform3D(1, 0, 0, 0, 0, 1, 0, -1, 0, 0, 0, 0)
shape = SubResource("CapsuleShape3D_0x1wm")

[node name="Physical Bone calfL" type="PhysicalBone3D" parent="Armature/Skeleton3D" index="27"]
transform = Transform3D(0.998682, 4.0247e-06, 0.0513268, -0.0511139, 0.0909941, 0.994539, -0.00466973, -0.995852, 0.0908701, -0.0306235, 0.303587, -0.1373)
collision_layer = 8
collision_mask = 8
joint_type = 1
joint_offset = Transform3D(1, 0, 0, 0, 1, 0, 0, 0, 1, 5.14284e-08, -3.05612e-07, 0.22631)
body_offset = Transform3D(1, 3.44706e-06, -2.27243e-07, -1.04308e-07, -3.42747e-06, -1, -9.61089e-08, 1, 8.89507e-07, 0, 0.22631, 1.04308e-07)
bone_name = "calfL"
joint_constraints/bias = 0.3
joint_constraints/damping = 1.0
joint_constraints/impulse_clamp = 0.0

[node name="CollisionShape3D" type="CollisionShape3D" parent="Armature/Skeleton3D/Physical Bone calfL" index="0"]
transform = Transform3D(1, 0, 0, 0, 0, 1, 0, -1, 0, 0, 0, 0)
shape = SubResource("CapsuleShape3D_o71mr")

[node name="Physical Bone footL" type="PhysicalBone3D" parent="Armature/Skeleton3D" index="28"]
transform = Transform3D(0.116389, 0.226274, -0.967086, 0.527703, 0.810809, 0.253218, 0.841418, -0.538518, -0.0249958, 0.0211584, 0.0619127, -0.15625)
collision_layer = 8
collision_mask = 8
joint_type = 1
joint_offset = Transform3D(1, 0, 0, 0, 1, 0, 0, 0, 1, 1.98412e-05, -1.27055e-05, 0.0655548)
body_offset = Transform3D(-0.540386, -0.840514, -0.0389809, 6.70552e-08, 0.0463281, -0.998927, 0.841417, -0.538519, -0.0249949, 0.00255543, 0.0654851, 0.001615)
bone_name = "footL"
joint_constraints/bias = 0.3
joint_constraints/damping = 1.0
joint_constraints/impulse_clamp = 0.0

[node name="CollisionShape3D" type="CollisionShape3D" parent="Armature/Skeleton3D/Physical Bone footL" index="0"]
transform = Transform3D(1, 0, 0, 0, -4.37114e-08, 1, 0, -1, -4.37114e-08, 0, 0, 0)
shape = SubResource("CapsuleShape3D_bd385")
